sess_name ='EL';
names{1}     = ['face_type'];
onsets{1}    = [0.000,12.000,23.999,37.998,52.997,65.996,81.995,97.994,111.994,127.009,142.008,156.007,168.007,181.006,193.005,206.004,219.004,231.003,247.002,263.001,277.000,292.999,304.998,317.997,333.996,347.995,361.995,376.994,390.993,407.008,421.008,434.007,446.006,459.005,473.004,489.003,503.003,519.002,535.001,549.000,560.999,575.998,588.997,603.996,618.995,630.994,645.994,661.009,674.009,687.008,703.007,719.006,732.005,746.004,760.003,773.002,788.001,800.001,815.000,828.999,841.998,853.997,867.996,880.996,894.995,910.994,927.009,939.009,951.008,966.007,978.006,993.005,];
durations{1} = [2.000,2.000,2.000,2.000,2.000,2.000,2.000,2.000,2.000,2.000,2.000,2.000,2.000,2.000,2.000,2.000,2.000,2.000,2.000,2.000,2.000,2.000,2.000,2.000,2.000,2.000,2.000,2.000,2.000,2.000,2.000,2.000,2.000,2.000,2.000,2.000,2.000,2.000,2.000,2.000,2.000,2.000,2.000,2.000,2.000,2.000,2.000,2.000,2.000,2.000,2.000,2.000,2.000,2.000,2.000,2.000,2.000,2.000,2.000,2.000,2.000,2.000,2.000,2.000,2.000,2.000,2.000,2.000,2.000,2.000,2.000,2.000,];
names{2}     = ['remembered_LC_type'];
onsets{2}    = [26.215,100.211,144.208,221.203,233.186,320.197,409.208,648.210,705.207,790.201,941.209,];
durations{2} = [2.000,2.000,2.000,2.000,2.000,2.000,2.000,2.000,2.000,2.000,2.000,];
names{3}     = ['neg_forgot_type'];
onsets{3}    = [537.200,953.208,995.222,];
durations{3} = [2.000,2.000,2.000,];
names{4}     = ['neu_forgot_type'];
onsets{4}    = [40.198,436.223,];
durations{4} = [2.000,2.000,];
names{5}     = ['neg_remembered_HC_type'];
onsets{5}    = [2.352,68.196,114.193,158.224,170.207,195.205,249.202,295.215,350.195,379.194,423.207,448.206,475.204,491.203,521.201,563.199,578.214,606.196,621.212,663.209,689.208,721.239,748.221,762.203,802.201,831.199,870.213,897.211,929.209,980.206,];
durations{5} = [2.000,2.000,2.000,2.000,2.000,2.000,2.000,2.000,2.000,2.000,2.000,2.000,2.000,2.000,2.000,2.000,2.000,2.000,2.000,2.000,2.000,2.000,2.000,2.000,2.000,2.000,2.000,2.000,2.000,2.000,];
names{6}     = ['neu_remembered_HC_type'];
onsets{6}    = [14.250,55.197,84.212,129.259,183.206,208.221,265.134,279.216,307.198,336.213,364.211,393.209,461.205,505.202,551.200,591.214,633.194,676.208,734.205,775.202,817.200,844.215,856.214,883.212,913.210,968.207,];
durations{6} = [2.000,2.000,2.000,2.000,2.000,2.000,2.000,2.000,2.000,2.000,2.000,2.000,2.000,2.000,2.000,2.000,2.000,2.000,2.000,2.000,2.000,2.000,2.000,2.000,2.000,2.000,];
rest_exists  = 1;
save task_design.mat sess_name names onsets durations rest_exists
